%YAML:1.0
---
camera_matrix: !!opencv-matrix
   rows: 3
   cols: 3
   dt: d
   data: [ 4862.5598747773356, 0., 1288.2056078917758, 0.,
       4865.1782820736771, 1059.2886510260698, 0., 0., 1. ]
distortion_coefficients: !!opencv-matrix
   rows: 1
   cols: 5
   dt: d
   data: [ -0.058493874034658846, -0.45140699720536059,
       0.0011162683998771409, -0.00041765722773922276,
       2.5771542179143134 ]
R_cam2gripper: !!opencv-matrix
   rows: 3
   cols: 3
   dt: d
   data: [ -0.93365818748290152, 0.35792865559222969,
       0.013017928102507674, -0.35809903295769879, -0.93216944443715377,
       -0.053152699390426016, -0.0068899594268757199,
       -0.054288160437309531, 0.99850153935556296 ]
t_cam2gripper: !!opencv-matrix
   rows: 3
   cols: 1
   dt: d
   data: [ -0.033147593726728333, 0.075146293298167868,
       0.0846183796116452 ]
